$ANSIBLE_VAULT;1.1;AES256
62343032353438646539386330643139306438653234356566323037353138396461323638343062
3562333065346438356363366331313330376561323331610a353136376130343836316336653636
37373566373139316265326435393766303562646135613836333139336135333333313363366434
3333386139393931350a343966613565376165316334363833336637653032363239336135633362
38353730316463333335386530313434383863666136663966666539653262393764366365646363
63316534373538636262316163323536306233336333363635396434396162326536636537326665
63333532393237323137323431333362346431323462316334663534353832396635336435393663
30376439393765326466643130623365386130626261613337303337363666633733623630386562
39393665343136333939613163373332303861373238666665633934393934396636313466396165
32353666393536366635316166386561633365656661653938356139333233336462386436303566
39313838376262633361313830626661626530636637356466336432323137323037383162613233
65393031653337313663373764663630623834316234336333333232636563616266366564306364
65336666663531663465343062326366393430356364336163643339646630633038626538373436
36393138616234326530326439613435666464366263363735386662656536323362333561363965
61376536643330643364396462626162333835343161343536626434616235393331363634353037
37316666353465633661366464366236303237353431646130363034643039643331383638643630
65346530353135653433373761616236376439363265636334383738626565643562303233663461
62343435626434313931313233663334613631386333343532366631623964363337643334303463
64343561616361613162346164373864633962313765623063313137633535623631333533346534
32643831636265326636343662623736306535336165333739383861333763373035363539663366
61396632653230663765646236646230333833626130396663623036326430393732333136386331
32323732643365366565356332373034383738366562383531393435326165336332353232383336
30306238356563356365383765636637386136356336313061656633303965363131346633383162
63303336366133386239
